0	2.84
0.02	2.54
0.04	2.59
0.06	2.52
0.08	2.55
0.1	2.57
0.12	2.52
0.14	2.41
0.16	2.44
0.18	2.60
0.2	2.39
0.22	2.72
0.24	2.18
0.26	2.94
0.28	2.79
0.3	3.01
0.32	2.45
0.34	2.82
0.36	2.54
0.38	2.75
0.4	2.82
0.42	2.93
0.44	3.12
0.46	2.86
0.48	3.00
0.5	3.01
0.52	3.25
0.54	3.71
0.56	3.27
0.58	3.49
0.6	3.64
0.62	3.61
0.64	3.45
0.66	3.98
0.68	3.76
0.7	3.43
0.72	3.75
0.74	3.87
0.76	3.97
0.78	3.66
0.8	3.70
0.82	3.87
0.84	4.02
0.86	3.93
0.88	3.99
0.9	3.86
0.92	3.77
0.94	3.95
0.96	3.75
0.98	4.01
1	3.97
1.02	3.95
1.04	3.83
1.06	3.91
1.08	3.72
1.1	3.92
1.12	3.75
1.14	3.81
1.16	3.84
1.18	3.52
1.19	3.28
1.21	3.49
1.23	3.78
1.25	3.65
1.27	3.65
1.29	3.68
1.31	3.61
1.33	3.53
1.35	3.56
1.37	3.64
1.39	3.72
1.41	3.62
1.43	3.67
1.45	3.70
1.47	3.67
1.49	3.62
1.51	3.65
1.53	3.72
1.55	3.60
1.57	3.74
1.59	3.40
1.61	3.73
1.63	3.62
1.65	3.50
1.67	3.47
1.69	3.63
1.71	3.47
1.73	3.47
1.75	3.64
1.77	3.47
1.79	3.56
1.81	3.62
1.83	3.77
1.86	3.33
1.88	3.63
1.9	3.60
1.92	3.61
1.94	3.56
1.96	3.40
1.98	3.39
2	3.50
2.02	3.52
2.04	3.69
2.06	3.46
2.08	3.35
2.1	3.66
2.12	3.64
2.14	3.60
2.16	3.64
2.18	3.47
2.2	3.31
2.22	3.52
2.24	3.43
2.26	3.39
2.28	3.35
2.3	3.32
2.32	3.39
2.34	3.16
2.36	3.00
2.38	3.06
2.4	3.04
2.42	3.23
2.44	3.38
2.46	3.00
2.48	3.25
2.5	3.46
2.52	2.96
2.54	3.16
2.56	3.21
2.58	2.99
2.6	3.71
2.62	3.17
2.64	3.13
2.66	2.97
2.68	3.06
2.7	3.06
2.72	2.98
2.74	2.97
2.76	3.00
2.78	3.33
2.8	3.04
2.82	2.96
2.84	2.99
2.86	3.00
2.88	3.08
2.9	3.03
2.92	3.13
2.94	3.08
2.96	3.06
2.98	3.38
3	3.36
3.02	3.20
3.04	2.94
3.06	3.01
3.08	3.03
3.1	3.18
3.12	2.91
3.14	3.10
3.18	3.28
3.2	3.35
3.22	3.47
3.24	3.33
3.28	2.53
3.3	2.28
3.32	2.44
3.34	3.25
3.37	2.37
3.39	3.40
3.41	2.48
3.43	2.29
3.45	2.85
3.47	2.44
3.49	2.47
3.51	3.29
3.53	3.20
3.55	3.53
3.57	3.58
3.59	2.90
3.61	2.65
3.63	3.23
3.65	3.20
3.67	3.07
3.69	3.30
3.71	3.49
3.73	3.25
3.75	3.46
3.77	3.57
3.79	3.18
3.81	3.39
3.83	3.13
3.85	3.29
3.87	3.40
3.89	4.04
3.93	4.04
3.97	3.85
4.01	3.96
4.05	3.50
4.09	3.78
4.13	3.89
4.17	3.41
4.21	3.85
4.25	3.88
4.29	3.76
4.33	3.74
4.37	3.79
4.39	3.80
4.43	3.77
4.47	3.26
4.49	3.79
4.51	3.89
4.53	3.84
4.55	3.69
4.57	3.65
4.59	3.61
4.61	3.74
4.65	3.64
4.69	3.62
4.71	3.70
4.73	3.60
4.75	3.44
4.77	3.62
4.81	3.48
4.83	3.51
4.85	3.61
4.88	3.55
4.9	3.58
4.92	3.29
4.94	3.47
4.98	3.37
5.02	3.53
5.06	3.42
5.1	3.68
5.14	3.54
5.16	3.44
5.18	3.17
5.22	3.06
5.26	2.92
5.28	3.08
5.32	2.87
5.36	2.79
5.4	2.59
5.42	2.71
5.46	2.73
5.5	3.00
5.54	2.88
5.58	3.17
5.62	3.00
5.66	2.97
5.7	2.96
5.74	2.79
5.78	2.87
5.82	2.91
5.86	3.18
5.9	3.11
5.94	3.44
5.98	2.96
6.02	3.06
6.06	3.22
6.14	3.06
6.18	3.10
6.22	3.30
6.3	3.11
6.34	3.70
6.36	3.51
6.41	3.56
6.43	3.41
6.45	3.58
6.47	3.60
6.51	3.57
6.55	3.47
6.57	3.22
6.59	3.34
6.63	3.54
6.67	3.60
6.69	3.43
6.93	3.03
6.97	3.15
7.01	3.15
7.05	3.02
7.09	2.99
7.13	2.91
7.17	2.96
7.21	2.99
7.25	2.87
7.29	3.45
7.33	3.54
7.37	3.72
7.41	3.47
7.45	3.57
7.49	3.57
7.53	3.71
7.57	3.79
7.61	3.68
7.65	3.77
7.69	3.68
7.73	3.68
7.77	3.67
7.81	3.65
8.18	3.51
8.46	3.34
8.69	3.16
8.83	3.39
8.97	3.31
9.11	3.47
9.25	3.30
9.39	3.28
9.47	3.34
9.55	3.14
9.67	3.23
9.81	3.09
9.95	3.09
10.09	2.87
10.23	3.05
10.37	2.85
10.51	2.62
10.65	2.47
10.79	2.52
10.93	2.96
11.07	2.69
11.21	3.40
11.35	3.92
11.49	3.80
11.63	3.61
11.77	3.73
11.91	3.55
11.95	3.50
11.98	3.66
12.09	3.37
12.23	3.40
12.37	3.29
12.51	3.27
12.65	3.31
12.79	3.28
12.93	3.01
13.07	2.75
13.36	2.83
13.5	2.53
13.64	2.33
13.78	2.53
13.92	2.44
14.06	2.65
14.2	3.56
14.34	3.11
14.48	3.29
14.76	4.06
15.6	3.72
15.74	3.58
16.16	3.20
16.3	3.16
16.44	3.19
16.58	2.84
16.72	3.11
16.86	2.83
17	2.91
17.14	3.10
17.28	3.07
	
	
	
	
	
	
	
	
	
	
	
	
	
	
	
	
	
	
	
	
	
	
	
	
	
	
	
	
	
	
	
	
	
	
	
	
	
	
	
	
	
	
	
	
	
	
	
	
	
	
	
	
	
	
	
	
	
	
	
	
	
	
	
	
	
	
	
	
	
	
	
	
	
	
	
	
	
	
	
	
	
	
	
	
	
	
	
	
	
	
	
	
	
	
	
	
	
	
	
	
	
	
	
	
	